
  1.050000e-02,   1.916836e+07,   1.543730e+08,   5.364892e+06,   2.577296e+08,   7.183131e+07
  1.200000e-02,   1.906523e+07,   1.526656e+08,   5.350310e+06,   2.533219e+08,   7.128595e+07
  1.350000e-02,   1.894907e+07,   1.507538e+08,   5.333829e+06,   2.484210e+08,   7.067277e+07
  1.500000e-02,   1.882014e+07,   1.486459e+08,   5.315467e+06,   2.430598e+08,   6.999356e+07
  1.650000e-02,   1.867874e+07,   1.463511e+08,   5.295243e+06,   2.372741e+08,   6.925029e+07
  1.800000e-02,   1.852520e+07,   1.438791e+08,   5.273177e+06,   2.311018e+08,   6.844509e+07
  1.950000e-02,   1.835984e+07,   1.412405e+08,   5.249294e+06,   2.245828e+08,   6.758028e+07
  2.100000e-02,   1.818305e+07,   1.384464e+08,   5.223616e+06,   2.177582e+08,   6.665831e+07
  2.250000e-02,   1.799521e+07,   1.355082e+08,   5.196171e+06,   2.106703e+08,   6.568177e+07
  2.400000e-02,   1.779674e+07,   1.324380e+08,   5.166987e+06,   2.033617e+08,   6.465340e+07
  2.550000e-02,   1.758808e+07,   1.292481e+08,   5.136094e+06,   1.958756e+08,   6.357603e+07
  2.700000e-02,   1.736966e+07,   1.259511e+08,   5.103522e+06,   1.882546e+08,   6.245260e+07
  2.850000e-02,   1.714197e+07,   1.225597e+08,   5.069306e+06,   1.805407e+08,   6.128617e+07
  3.000000e-02,   1.690547e+07,   1.190868e+08,   5.033478e+06,   1.727751e+08,   6.007985e+07
  3.150000e-02,   1.666068e+07,   1.155453e+08,   4.996076e+06,   1.649974e+08,   5.883681e+07
  3.300000e-02,   1.640810e+07,   1.119481e+08,   4.957138e+06,   1.572458e+08,   5.756030e+07
  3.450000e-02,   1.614824e+07,   1.083078e+08,   4.916700e+06,   1.495562e+08,   5.625358e+07
  3.600000e-02,   1.588164e+07,   1.046370e+08,   4.874805e+06,   1.419627e+08,   5.491995e+07
  3.750000e-02,   1.560882e+07,   1.009478e+08,   4.831492e+06,   1.344966e+08,   5.356272e+07
  3.900000e-02,   1.533032e+07,   9.725226e+07,   4.786805e+06,   1.271868e+08,   5.218519e+07
  4.050000e-02,   1.504668e+07,   9.356179e+07,   4.740787e+06,   1.200593e+08,   5.079065e+07
  4.200000e-02,   1.475844e+07,   8.988746e+07,   4.693482e+06,   1.131374e+08,   4.938236e+07
  4.350000e-02,   1.446614e+07,   8.623982e+07,   4.644936e+06,   1.064414e+08,   4.796356e+07
  4.500000e-02,   1.417032e+07,   8.262886e+07,   4.595197e+06,   9.998858e+07,   4.653740e+07
  4.650000e-02,   1.387151e+07,   7.906399e+07,   4.544309e+06,   9.379340e+07,   4.510700e+07
  4.800000e-02,   1.357023e+07,   7.555401e+07,   4.492323e+06,   8.786732e+07,   4.367540e+07
  4.950000e-02,   1.326702e+07,   7.210705e+07,   4.439286e+06,   8.221903e+07,   4.224555e+07
  5.100000e-02,   1.296237e+07,   6.873058e+07,   4.385247e+06,   7.685445e+07,   4.082031e+07
  5.250000e-02,   1.265679e+07,   6.543137e+07,   4.330257e+06,   7.177693e+07,   3.940244e+07
  5.400000e-02,   1.235078e+07,   6.221551e+07,   4.274366e+06,   6.698735e+07,   3.799460e+07
  5.550000e-02,   1.204480e+07,   5.908838e+07,   4.217624e+06,   6.248435e+07,   3.659931e+07
  5.700000e-02,   1.173932e+07,   5.605463e+07,   4.160081e+06,   5.826443e+07,   3.521899e+07
  5.850000e-02,   1.143479e+07,   5.311826e+07,   4.101791e+06,   5.432223e+07,   3.385593e+07
  6.000000e-02,   1.113164e+07,   5.028254e+07,   4.042802e+06,   5.065069e+07,   3.251228e+07
  6.150000e-02,   1.083028e+07,   4.755010e+07,   3.983168e+06,   4.724128e+07,   3.119005e+07
  6.300000e-02,   1.053112e+07,   4.492291e+07,   3.922939e+06,   4.408420e+07,   2.989112e+07
  6.450000e-02,   1.023452e+07,   4.240230e+07,   3.862166e+06,   4.116861e+07,   2.861721e+07
  6.600000e-02,   9.940861e+06,   3.998903e+07,   3.800901e+06,   3.848280e+07,   2.736992e+07
  6.750000e-02,   9.650467e+06,   3.768327e+07,   3.739196e+06,   3.601444e+07,   2.615069e+07
  6.900000e-02,   9.363662e+06,   3.548465e+07,   3.677099e+06,   3.375074e+07,   2.496080e+07
  7.050000e-02,   9.080743e+06,   3.339232e+07,   3.614663e+06,   3.167863e+07,   2.380142e+07
  7.200000e-02,   8.801989e+06,   3.140496e+07,   3.551936e+06,   2.978492e+07,   2.267355e+07
  7.350000e-02,   8.527656e+06,   2.952082e+07,   3.488970e+06,   2.805649e+07,   2.157805e+07
  7.500000e-02,   8.257980e+06,   2.773777e+07,   3.425811e+06,   2.648038e+07,   2.051566e+07
  7.650000e-02,   7.993175e+06,   2.605334e+07,   3.362510e+06,   2.504392e+07,   1.948696e+07
  7.800000e-02,   7.733434e+06,   2.446476e+07,   3.299113e+06,   2.373488e+07,   1.849240e+07
  7.950000e-02,   7.478929e+06,   2.296899e+07,   3.235669e+06,   2.254148e+07,   1.753232e+07
  8.100000e-02,   7.229813e+06,   2.156278e+07,   3.172223e+06,   2.145254e+07,   1.660693e+07
  8.250000e-02,   6.986217e+06,   2.024268e+07,   3.108821e+06,   2.045748e+07,   1.571630e+07
  8.400000e-02,   6.748252e+06,   1.900511e+07,   3.045508e+06,   1.954639e+07,   1.486041e+07
  8.550000e-02,   6.516012e+06,   1.784636e+07,   2.982327e+06,   1.871006e+07,   1.403914e+07
  8.700000e-02,   6.289569e+06,   1.676266e+07,   2.919322e+06,   1.793998e+07,   1.325223e+07
  8.850000e-02,   6.068979e+06,   1.575020e+07,   2.856534e+06,   1.722834e+07,   1.249936e+07
  9.000000e-02,   5.854279e+06,   1.480514e+07,   2.794005e+06,   1.656806e+07,   1.178011e+07
  9.150000e-02,   5.645490e+06,   1.392367e+07,   2.731774e+06,   1.595273e+07,   1.109398e+07
  9.300000e-02,   5.442616e+06,   1.310201e+07,   2.669880e+06,   1.537661e+07,   1.044039e+07
  9.450000e-02,   5.245648e+06,   1.233646e+07,   2.608361e+06,   1.483462e+07,   9.818680e+06
  9.600000e-02,   5.054560e+06,   1.162338e+07,   2.547253e+06,   1.432224e+07,   9.228154e+06
  9.750000e-02,   4.869312e+06,   1.095926e+07,   2.486592e+06,   1.383556e+07,   8.668042e+06
  9.900000e-02,   4.689853e+06,   1.034069e+07,   2.426411e+06,   1.337118e+07,   8.137526e+06
  1.005000e-01,   4.516120e+06,   9.764388e+06,   2.366744e+06,   1.292617e+07,   7.635750e+06
  1.020000e-01,   4.348036e+06,   9.227234e+06,   2.307622e+06,   1.249806e+07,   7.161818e+06
  1.035000e-01,   4.185519e+06,   8.726248e+06,   2.249075e+06,   1.208477e+07,   6.714803e+06
  1.050000e-01,   4.028473e+06,   8.258610e+06,   2.191134e+06,   1.168458e+07,   6.293757e+06
  1.065000e-01,   3.876796e+06,   7.821664e+06,   2.133824e+06,   1.129608e+07,   5.897710e+06
  1.080000e-01,   3.730377e+06,   7.412917e+06,   2.077174e+06,   1.091814e+07,   5.525678e+06
  1.095000e-01,   3.589101e+06,   7.030045e+06,   2.021208e+06,   1.054988e+07,   5.176671e+06
  1.110000e-01,   3.452846e+06,   6.670888e+06,   1.965949e+06,   1.019061e+07,   4.849693e+06
  1.125000e-01,   3.321483e+06,   6.333449e+06,   1.911421e+06,   9.839844e+06,   4.543752e+06
  1.140000e-01,   3.194883e+06,   6.015890e+06,   1.857645e+06,   9.497224e+06,   4.257857e+06
  1.155000e-01,   3.072910e+06,   5.716530e+06,   1.804641e+06,   9.162524e+06,   3.991031e+06
  1.170000e-01,   2.955428e+06,   5.433834e+06,   1.752427e+06,   8.835617e+06,   3.742305e+06
  1.185000e-01,   2.842299e+06,   5.166413e+06,   1.701021e+06,   8.516460e+06,   3.510731e+06
  1.200000e-01,   2.733382e+06,   4.913011e+06,   1.650438e+06,   8.205072e+06,   3.295375e+06
  1.215000e-01,   2.628537e+06,   4.672501e+06,   1.600694e+06,   7.901520e+06,   3.095328e+06
  1.230000e-01,   2.527626e+06,   4.443875e+06,   1.551801e+06,   7.605904e+06,   2.909705e+06
  1.245000e-01,   2.430508e+06,   4.226238e+06,   1.503773e+06,   7.318348e+06,   2.737645e+06
  1.260000e-01,   2.337046e+06,   4.018796e+06,   1.456619e+06,   7.038989e+06,   2.578316e+06
  1.275000e-01,   2.247105e+06,   3.820852e+06,   1.410350e+06,   6.767965e+06,   2.430915e+06
  1.290000e-01,   2.160550e+06,   3.631794e+06,   1.364974e+06,   6.505413e+06,   2.294669e+06
  1.305000e-01,   2.077251e+06,   3.451088e+06,   1.320499e+06,   6.251457e+06,   2.168837e+06
  1.320000e-01,   1.997081e+06,   3.278271e+06,   1.276930e+06,   6.006205e+06,   2.052708e+06
  1.335000e-01,   1.919914e+06,   3.112942e+06,   1.234273e+06,   5.769746e+06,   1.945606e+06
  1.350000e-01,   1.845629e+06,   2.954755e+06,   1.192532e+06,   5.542142e+06,   1.846884e+06
  1.365000e-01,   1.774111e+06,   2.803413e+06,   1.151709e+06,   5.323426e+06,   1.755931e+06
  1.380000e-01,   1.705246e+06,   2.658661e+06,   1.111806e+06,   5.113602e+06,   1.672165e+06
  1.395000e-01,   1.638926e+06,   2.520278e+06,   1.072824e+06,   4.912640e+06,   1.595037e+06
  1.410000e-01,   1.575046e+06,   2.388076e+06,   1.034762e+06,   4.720471e+06,   1.524031e+06
  1.425000e-01,   1.513507e+06,   2.261889e+06,   9.976200e+05,   4.536995e+06,   1.458658e+06
  1.440000e-01,   1.454213e+06,   2.141573e+06,   9.613950e+05,   4.362071e+06,   1.398462e+06
  1.455000e-01,   1.397074e+06,   2.027000e+06,   9.260841e+05,   4.195523e+06,   1.343015e+06
  1.470000e-01,   1.342004e+06,   1.918055e+06,   8.916832e+05,   4.037139e+06,   1.291916e+06
  1.485000e-01,   1.288919e+06,   1.814631e+06,   8.581877e+05,   3.886669e+06,   1.244793e+06
  1.500000e-01,   1.237744e+06,   1.716625e+06,   8.255918e+05,   3.743832e+06,   1.201297e+06
  1.515000e-01,   1.188405e+06,   1.623942e+06,   7.938891e+05,   3.608316e+06,   1.161107e+06
  1.530000e-01,   1.140833e+06,   1.536485e+06,   7.630725e+05,   3.479778e+06,   1.123924e+06
  1.545000e-01,   1.094962e+06,   1.454155e+06,   7.331341e+05,   3.357853e+06,   1.089470e+06
  1.560000e-01,   1.050732e+06,   1.376855e+06,   7.040655e+05,   3.242152e+06,   1.057491e+06
  1.575000e-01,   1.008085e+06,   1.304480e+06,   6.758573e+05,   3.132270e+06,   1.027752e+06
  1.590000e-01,   9.669663e+05,   1.236923e+06,   6.484999e+05,   3.027790e+06,   1.000037e+06
  1.605000e-01,   9.273263e+05,   1.174070e+06,   6.219830e+05,   2.928286e+06,   9.741458e+05
  1.620000e-01,   8.891170e+05,   1.115800e+06,   5.962955e+05,   2.833330e+06,   9.498980e+05
  1.635000e-01,   8.522938e+05,   1.061989e+06,   5.714261e+05,   2.742496e+06,   9.271269e+05
  1.650000e-01,   8.168145e+05,   1.012501e+06,   5.473630e+05,   2.655365e+06,   9.056806e+05
  1.665000e-01,   7.826396e+05,   9.671967e+05,   5.240939e+05,   2.571528e+06,   8.854209e+05
  1.680000e-01,   7.497320e+05,   9.259279e+05,   5.016060e+05,   2.490597e+06,   8.662220e+05
  1.695000e-01,   7.180565e+05,   8.885401e+05,   4.798863e+05,   2.412200e+06,   8.479696e+05
  1.710000e-01,   6.875796e+05,   8.548718e+05,   4.589214e+05,   2.335994e+06,   8.305602e+05
  1.725000e-01,   6.582698e+05,   8.247553e+05,   4.386975e+05,   2.261663e+06,   8.139004e+05
  1.740000e-01,   6.300968e+05,   7.980169e+05,   4.192006e+05,   2.188920e+06,   7.979057e+05
  1.755000e-01,   6.030316e+05,   7.744774e+05,   4.004166e+05,   2.117517e+06,   7.825001e+05
  1.770000e-01,   5.770464e+05,   7.539527e+05,   3.823308e+05,   2.047236e+06,   7.676154e+05
  1.785000e-01,   5.521143e+05,   7.362547e+05,   3.649287e+05,   1.977900e+06,   7.531905e+05
  1.800000e-01,   5.282091e+05,   7.211915e+05,   3.481954e+05,   1.909368e+06,   7.391709e+05
  1.815000e-01,   5.053053e+05,   7.085686e+05,   3.321159e+05,   1.841535e+06,   7.255080e+05
  1.830000e-01,   4.833778e+05,   6.981897e+05,   3.166752e+05,   1.774334e+06,   7.121588e+05
  1.845000e-01,   4.624019e+05,   6.898571e+05,   3.018582e+05,   1.707733e+06,   6.990855e+05
  1.860000e-01,   4.423533e+05,   6.833731e+05,   2.876495e+05,   1.641733e+06,   6.862546e+05
  1.875000e-01,   4.232076e+05,   6.785408e+05,   2.740339e+05,   1.576366e+06,   6.736372e+05
  1.890000e-01,   4.049407e+05,   6.751648e+05,   2.609962e+05,   1.511691e+06,   6.612081e+05
  1.905000e-01,   3.875284e+05,   6.730524e+05,   2.485210e+05,   1.447794e+06,   6.489458e+05
  1.920000e-01,   3.709464e+05,   6.720143e+05,   2.365932e+05,   1.384781e+06,   6.368321e+05
  1.935000e-01,   3.551706e+05,   6.718659e+05,   2.251976e+05,   1.322777e+06,   6.248516e+05
  1.950000e-01,   3.401763e+05,   6.724280e+05,   2.143189e+05,   1.261920e+06,   6.129921e+05
  1.965000e-01,   3.259391e+05,   6.735278e+05,   2.039423e+05,   1.202361e+06,   6.012433e+05
  1.980000e-01,   3.124342e+05,   6.749997e+05,   1.940526e+05,   1.144254e+06,   5.895978e+05
  1.995000e-01,   2.996366e+05,   6.766863e+05,   1.846352e+05,   1.087759e+06,   5.780498e+05
  2.010000e-01,   2.875213e+05,   6.784391e+05,   1.756752e+05,   1.033032e+06,   5.665958e+05
  2.025000e-01,   2.760630e+05,   6.801192e+05,   1.671582e+05,   9.802276e+05,   5.552337e+05
  2.040000e-01,   2.652365e+05,   6.815981e+05,   1.590698e+05,   9.294922e+05,   5.439630e+05
  2.055000e-01,   2.550164e+05,   6.827582e+05,   1.513958e+05,   8.809616e+05,   5.327848e+05
  2.070000e-01,   2.453771e+05,   6.834931e+05,   1.441221e+05,   8.347592e+05,   5.217012e+05
  2.085000e-01,   2.362934e+05,   6.837085e+05,   1.372349e+05,   7.909933e+05,   5.107153e+05
  2.100000e-01,   2.277397e+05,   6.833221e+05,   1.307205e+05,   7.497553e+05,   4.998314e+05
  2.115000e-01,   2.196908e+05,   6.822638e+05,   1.245657e+05,   7.111182e+05,   4.890543e+05
  2.130000e-01,   2.121217e+05,   6.804762e+05,   1.187571e+05,   6.751357e+05,   4.783896e+05
  2.145000e-01,   2.050075e+05,   6.779140e+05,   1.132819e+05,   6.418408e+05,   4.678434e+05
  2.160000e-01,   1.983236e+05,   6.745443e+05,   1.081273e+05,   6.112459e+05,   4.574222e+05
  2.175000e-01,   1.920457e+05,   6.703462e+05,   1.032808e+05,   5.833424e+05,   4.471329e+05
  2.190000e-01,   1.861500e+05,   6.653105e+05,   9.873025e+04,   5.581009e+05,   4.369823e+05
  2.205000e-01,   1.806132e+05,   6.594393e+05,   9.446365e+04,   5.354718e+05,   4.269775e+05
  2.220000e-01,   1.754126e+05,   6.527452e+05,   9.046929e+04,   5.153859e+05,   4.171255e+05
  2.235000e-01,   1.705257e+05,   6.452509e+05,   8.673574e+04,   4.977554e+05,   4.074333e+05
  2.250000e-01,   1.659311e+05,   6.369883e+05,   8.325180e+04,   4.824752e+05,   3.979074e+05
  2.265000e-01,   1.616080e+05,   6.279979e+05,   8.000657e+04,   4.694241e+05,   3.885542e+05
  2.280000e-01,   1.575360e+05,   6.183278e+05,   7.698940e+04,   4.584667e+05,   3.793800e+05
  2.295000e-01,   1.536960e+05,   6.080326e+05,   7.418991e+04,   4.494546e+05,   3.703902e+05
  2.310000e-01,   1.500694e+05,   5.971727e+05,   7.159801e+04,   4.422287e+05,   3.615900e+05
  2.325000e-01,   1.466384e+05,   5.858132e+05,   6.920386e+04,   4.366208e+05,   3.529841e+05
  2.340000e-01,   1.433865e+05,   5.740228e+05,   6.699790e+04,   4.324558e+05,   3.445766e+05
  2.355000e-01,   1.402977e+05,   5.618731e+05,   6.497084e+04,   4.295537e+05,   3.363710e+05
  2.370000e-01,   1.373571e+05,   5.494368e+05,   6.311366e+04,   4.277313e+05,   3.283702e+05
  2.385000e-01,   1.345508e+05,   5.367877e+05,   6.141761e+04,   4.268049e+05,   3.205766e+05
  2.400000e-01,   1.318659e+05,   5.239991e+05,   5.987420e+04,   4.265919e+05,   3.129916e+05
  2.415000e-01,   1.292903e+05,   5.111429e+05,   5.847521e+04,   4.269130e+05,   3.056165e+05
  2.430000e-01,   1.268129e+05,   4.982892e+05,   5.721267e+04,   4.275940e+05,   2.984515e+05
  2.445000e-01,   1.244238e+05,   4.855048e+05,   5.607889e+04,   4.284679e+05,   2.914966e+05
  2.460000e-01,   1.221138e+05,   4.728531e+05,   5.506642e+04,   4.293766e+05,   2.847510e+05
  2.475000e-01,   1.198747e+05,   4.603931e+05,   5.416806e+04,   4.301724e+05,   2.782133e+05
  2.490000e-01,   1.176994e+05,   4.481790e+05,   5.337687e+04,   4.307200e+05,   2.718817e+05
  2.505000e-01,   1.155813e+05,   4.362597e+05,   5.268616e+04,   4.308972e+05,   2.657539e+05
  2.520000e-01,   1.135150e+05,   4.246782e+05,   5.208945e+04,   4.305966e+05,   2.598272e+05
  2.535000e-01,   1.114958e+05,   4.134719e+05,   5.158054e+04,   4.297265e+05,   2.540984e+05
  2.550000e-01,   1.095199e+05,   4.026717e+05,   5.115343e+04,   4.282115e+05,   2.485640e+05
  2.565000e-01,   1.075842e+05,   3.923024e+05,   5.080238e+04,   4.259931e+05,   2.432202e+05
  2.580000e-01,   1.056863e+05,   3.823826e+05,   5.052184e+04,   4.230301e+05,   2.380629e+05
  2.595000e-01,   1.038244e+05,   3.729249e+05,   5.030652e+04,   4.192989e+05,   2.330879e+05
  2.610000e-01,   1.019974e+05,   3.639356e+05,   5.015131e+04,   4.147926e+05,   2.282907e+05
  2.625000e-01,   1.002049e+05,   3.554157e+05,   5.005133e+04,   4.095213e+05,   2.236669e+05
  2.640000e-01,   9.844690e+04,   3.473607e+05,   5.000191e+04,   4.035111e+05,   2.192118e+05
  2.655000e-01,   9.672389e+04,   3.397611e+05,   4.999857e+04,   3.968032e+05,   2.149208e+05
  2.670000e-01,   9.503682e+04,   3.326030e+05,   5.003704e+04,   3.894529e+05,   2.107894e+05
  2.685000e-01,   9.338703e+04,   3.258684e+05,   5.011323e+04,   3.815280e+05,   2.068131e+05
  2.700000e-01,   9.177620e+04,   3.195360e+05,   5.022325e+04,   3.731074e+05,   2.029874e+05
  2.715000e-01,   9.020629e+04,   3.135814e+05,   5.036339e+04,   3.642795e+05,   1.993081e+05
  2.730000e-01,   8.867950e+04,   3.079780e+05,   5.053011e+04,   3.551402e+05,   1.957710e+05
  2.745000e-01,   8.719821e+04,   3.026974e+05,   5.072006e+04,   3.457912e+05,   1.923722e+05
  2.760000e-01,   8.576497e+04,   2.977100e+05,   5.093004e+04,   3.363378e+05,   1.891080e+05
  2.775000e-01,   8.438241e+04,   2.929858e+05,   5.115703e+04,   3.268868e+05,   1.859748e+05
  2.790000e-01,   8.305323e+04,   2.884945e+05,   5.139817e+04,   3.175449e+05,   1.829693e+05
  2.805000e-01,   8.178015e+04,   2.842064e+05,   5.165074e+04,   3.084163e+05,   1.800884e+05
  2.820000e-01,   8.056586e+04,   2.800927e+05,   5.191219e+04,   2.996010e+05,   1.773294e+05
  2.835000e-01,   7.941301e+04,   2.761262e+05,   5.218011e+04,   2.911931e+05,   1.746895e+05
  2.850000e-01,   7.832413e+04,   2.722814e+05,   5.245223e+04,   2.832793e+05,   1.721664e+05
  2.865000e-01,   7.730166e+04,   2.685350e+05,   5.272640e+04,   2.759371e+05,   1.697579e+05
  2.880000e-01,   7.634787e+04,   2.648661e+05,   5.300064e+04,   2.692338e+05,   1.674620e+05
  2.895000e-01,   7.546486e+04,   2.612566e+05,   5.327308e+04,   2.632257e+05,   1.652768e+05
  2.910000e-01,   7.465453e+04,   2.576914e+05,   5.354197e+04,   2.579572e+05,   1.632008e+05
  2.925000e-01,   7.391855e+04,   2.541583e+05,   5.380569e+04,   2.534602e+05,   1.612324e+05
  2.940000e-01,   7.325837e+04,   2.506483e+05,   5.406272e+04,   2.497540e+05,   1.593701e+05
  2.955000e-01,   7.267517e+04,   2.471555e+05,   5.431168e+04,   2.468455e+05,   1.576129e+05
  2.970000e-01,   7.216987e+04,   2.436770e+05,   5.455129e+04,   2.447292e+05,   1.559593e+05
  2.985000e-01,   7.174311e+04,   2.402131e+05,   5.478035e+04,   2.433878e+05,   1.544082e+05
  3.000000e-01,   7.139524e+04,   2.367669e+05,   5.499779e+04,   2.427933e+05,   1.529584e+05
